0.09887 0.88201 0.69573 0.34296 0.09185 0.09535 0.02145 0.92948 0.55075 0.55995 0.02655 0.49213 0.89653 0.31758 0.96025 0.82422
0.36532 0.08711 0.68108 0.74531 0.23043 0.02155 0.94505 0.97924 0.69562 0.31566 0.13717 0.43726 0.66459 0.83370 0.67781 0.40818
0.06306 0.28940 0.83633 0.68061 0.57542 0.26578 0.83486 0.37496 0.14180 0.30793 0.34285 0.07588 0.00116 0.93664 0.06075 0.59107
0.07530 0.59010 0.55683 0.42062 0.57975 0.82205 0.65824 0.19277 0.31959 0.40270 0.11206 0.01194 0.06725 0.98845 0.54486 0.85476
0.55369 0.78333 0.16080 0.25279 0.63920 0.52980 0.18810 0.78471 0.76511 0.42094 0.45181 0.76124 0.14945 0.68272 0.31148 0.64945
0.97990 0.62948 0.00963 0.89554 0.88581 0.17887 0.05825 0.53725 0.57518 0.93581 0.45430 0.54464 0.66306 0.02628 0.63984 0.32636
0.83515 0.18838 0.96180 0.95933 0.06591 0.18323 0.08197 0.29170 0.91738 0.57110 0.65247 0.60854 0.38702 0.66450 0.48062 0.53740
0.18266 0.61336 0.24463 0.43578 0.19234 0.75309 0.12220 0.76310 0.09982 0.59047 0.81550 0.45857 0.51390 0.72416 0.47972 0.02767
0.63749 0.06038 0.52454 0.62389 0.71471 0.74326 0.11880 0.46770 0.60266 0.90797 0.68079 0.35400 0.08343 0.59791 0.05094 0.14568
0.42088 0.26112 0.95325 0.15096 0.42997 0.85251 0.98134 0.92239 0.16845 0.49674 0.91293 0.78804 0.15116 0.39655 0.35438 0.63821
